latitude = 35.892031
longitude = 14.518588